0.958400
0.957600
0.954000
0.944400
0.934000
0.921600
0.906400
0.893200
0.884400
0.881600
0.866400
0.848400
0.839600
0.820400
0.802800
0.791200
0.779200
0.770000
0.758800
0.753600
0.747600
0.743200
0.742400
0.742000
0.742000
0.742000
0.740800
0.735600
0.728800
0.722400
0.718000
0.718400
0.718000
0.720800
0.722000
0.724400
0.724400
0.727600
0.728000
0.730800
0.732800
0.734400
0.736000
0.738400
0.739200
0.740800
0.740400
0.740800
0.743600
0.744800
0.745600
0.749600
0.750800
0.752800
0.753600
0.753600
0.756400
0.758000
0.760400
0.758800
0.760400
0.762000
0.762400
0.762000
0.764400
0.764000
0.764400
0.768400
0.770800
0.771200
0.774800
0.777200
0.779600
0.782800
0.787600
0.791600
0.795200
0.800000
0.805600
0.810400
0.814800
0.819200
0.824400
0.828400
0.829600
0.832400
0.832000
0.833200
0.836000
0.836400
0.834800
0.832400
0.832000
0.831200
0.832400
0.830400
0.830000
0.829200
0.829200
0.828800
